asic_2_5_23.Offset: -3698.260254
asic_2_5_23.Gain: 15.928967
asic_2_5_23.GainQuadr: 0.000000
asic_2_5_126.Offset: -3580.375977
asic_2_5_126.Gain: 14.870061
asic_2_5_126.GainQuadr: 0.000000
asic_2_5_127.Offset: -3927.636963
asic_2_5_127.Gain: 16.107546
asic_2_5_127.GainQuadr: 0.000000
