asic_2_5_23.Offset: -3740.492920
asic_2_5_23.Gain: 16.337645
asic_2_5_23.GainQuadr: 0.000000
asic_2_5_126.Offset: -3618.352783
asic_2_5_126.Gain: 15.248501
asic_2_5_126.GainQuadr: 0.000000
asic_2_5_127.Offset: -3972.563232
asic_2_5_127.Gain: 16.512861
asic_2_5_127.GainQuadr: 0.000000
