asic_2_5_23.Offset: -3734.963867
asic_2_5_23.Gain: 16.233849
asic_2_5_23.GainQuadr: 0.000000
asic_2_5_126.Offset: -3810.515625
asic_2_5_126.Gain: 15.511141
asic_2_5_126.GainQuadr: 0.000000
asic_2_5_127.Offset: -5023.891113
asic_2_5_127.Gain: 18.829638
asic_2_5_127.GainQuadr: 0.000000
