asic_2_5_23.Offset: -3742.170654
asic_2_5_23.Gain: 16.326183
asic_2_5_23.GainQuadr: 0.000000
asic_2_5_126.Offset: -3621.072998
asic_2_5_126.Gain: 15.239931
asic_2_5_126.GainQuadr: 0.000000
asic_2_5_127.Offset: -3973.608154
asic_2_5_127.Gain: 16.500437
asic_2_5_127.GainQuadr: 0.000000
