asic_2_5_23.Offset: -3698.996094
asic_2_5_23.Gain: 15.938786
asic_2_5_23.GainQuadr: 0.000000
asic_2_5_126.Offset: -3580.119141
asic_2_5_126.Gain: 14.877196
asic_2_5_126.GainQuadr: 0.000000
asic_2_5_127.Offset: -3929.164307
asic_2_5_127.Gain: 16.118753
asic_2_5_127.GainQuadr: 0.000000
