asic_2_5_23.Offset: -3814.223633
asic_2_5_23.Gain: 16.400303
asic_2_5_23.GainQuadr: 0.000000
asic_2_5_126.Offset: -3689.426514
asic_2_5_126.Gain: 15.304206
asic_2_5_126.GainQuadr: 0.000000
asic_2_5_127.Offset: -4042.190430
asic_2_5_127.Gain: 16.567137
asic_2_5_127.GainQuadr: 0.000000
