asic_2_5_23.Offset: -3676.536377
asic_2_5_23.Gain: 16.173023
asic_2_5_23.GainQuadr: 0.000000
asic_2_5_126.Offset: -3755.053223
asic_2_5_126.Gain: 15.458429
asic_2_5_126.GainQuadr: 0.000000
asic_2_5_127.Offset: -4965.932617
asic_2_5_127.Gain: 18.769377
asic_2_5_127.GainQuadr: 0.000000
