asic_2_5_23.Offset: -3741.359131
asic_2_5_23.Gain: 16.338737
asic_2_5_23.GainQuadr: 0.000000
asic_2_5_126.Offset: -3619.215820
asic_2_5_126.Gain: 15.249536
asic_2_5_126.GainQuadr: 0.000000
asic_2_5_127.Offset: -3973.497070
asic_2_5_127.Gain: 16.514090
asic_2_5_127.GainQuadr: 0.000000
