asic_2_5_23.Offset: -3741.432861
asic_2_5_23.Gain: 16.339445
asic_2_5_23.GainQuadr: 0.000000
asic_2_5_126.Offset: -3619.282959
asic_2_5_126.Gain: 15.250193
asic_2_5_126.GainQuadr: 0.000000
asic_2_5_127.Offset: -3973.573975
asic_2_5_127.Gain: 16.514790
asic_2_5_127.GainQuadr: 0.000000
