asic_2_5_23.Offset: -3741.869385
asic_2_5_23.Gain: 16.325397
asic_2_5_23.GainQuadr: 0.000000
asic_2_5_126.Offset: -3620.778076
asic_2_5_126.Gain: 15.239198
asic_2_5_126.GainQuadr: 0.000000
asic_2_5_127.Offset: -3973.266357
asic_2_5_127.Gain: 16.499573
asic_2_5_127.GainQuadr: 0.000000
