asic_2_5_23.Offset: -3740.843018
asic_2_5_23.Gain: 16.333784
asic_2_5_23.GainQuadr: 0.000000
asic_2_5_126.Offset: -3618.739746
asic_2_5_126.Gain: 15.244923
asic_2_5_126.GainQuadr: 0.000000
asic_2_5_127.Offset: -3972.957031
asic_2_5_127.Gain: 16.509195
asic_2_5_127.GainQuadr: 0.000000
